100
100
71
111
63
84
69
71
96
90
100
110
35
95
88
123
93
85
127
70
100
60
60
55
70
65
50
65
70
53
57
62
49
60
78
75
78
45
85
50
77
86
70
109
60
90
85
98
76
96
90
96
87
59
95
90
77
64
83
92
100
75
66
71
76
81
103
57
75
77
79
70
116
98
64
93
89
78
60
80
58
90
66
57
116
121
119
72
100
69
66
83
77
95
45
79
106
89
90
115
79
84
101
86
59
86
27
69
105
66
66
70
61
55
120
119
118
125
76
85
80
68
51
68
65
60
62
58
75
44
58
61
77
56
72
39
47
75
80
100
104
69
65
80
68
60
53
128
113
85
49
60
61
46
75
64
29
71
111
90
78
75
68
80
68
72
83
66
88
83
85
61
72
77
69
65
72
47
54
112
76
66
80
54
56
70
97
55
58
61
80
110
87
83
99
65
84
92
88
37
102
44
90
88
87
68
64
45
60
76
58
73
59
61
67
66
51
92
68
87
62
43
56
44
109
79
58
84
70
70
83
56
46
101
58
47
74
93
73
84
62
57
92
86
45
85
67
99
95
90
90
121
77
66
80
107
67
90
47
51
60
124
35
80
82
77
71
60
80
58
99
96
75
70
110
74
77
46
57
105
49
28
63
101
50
65
85
89
73
83
61
80
70
67
80
135
106
64
89
118
112
72
64
107
93
67
33
47
53
67
89
72
67
68
56
80
70
99
92
64
99
57
63
52
45
87
82
79
98
113
128
85
115
67
98
132
108
107
61
90
101
124
101
57
68
97
90
71
86
64
108
104
112
72
110
61
74
76
66
89
102
95
114
104
108
71
102
97
90
108
75
74
85
77
55
65
67
79
77
69
75
98
95
81
77
109
74
71
78
80
67
66
67
61
88
115
72
106
114
97
81
106
94
82
100
95
86
104
84
41
76
116
79
83
57
97
61
48
107
82
51
64
51
66
74
54
77
79
73
48
67
53
54
67
103
100
58
52
64
103
93
114
84
98
100
82
91
65
57
55
71
62
79
55
52
59
75
82
67
65
66
89
88
75
82
83
86
90
78
77
86
85
112
86
139
76
91
74
108
74
100
47
47
51
52
82
75
65
55
54
47
66
126
118
123
128
51
111
96
100
102
67
81
98
120
69
73
79
67
84
67
82
101
117
44
98
41
76
89
108
75
81
119
68
86
59
43
41
61
70
57
120
66
66
66
42
42
53
51
116
97
74
86
64
52
84
61
78
68
46
63
78
57
29
46
98
85
124
91
61
46
48
54
108
83
112
104
97
91
88
66
37
99
63
71
86
84
88
56
94
141
107
98
46
41
72
51
104
69
93
97
92
56
67
72
67
88
63
68
65
59
41
115
73
52
52
103
65
54
93
59
54
68
69
81
78
77
61
57
66
53
56
70
82
81
66
81
97
93
52
80
96
88
75
42
64
91
82
45
98
50
80
77
28
28
40
67
140
60
63
58
75
90
44
70
46
86
71
85
53
68
79
50
71
38
70
51
98
116
126
83
70
67
65
72
74
82
63
72
84
80
67
76
124
71
137
44
61
33
77
140
42
54
58
67
73
64
71
47
66
67
80
83
104
50
38
81
87
79
83
71
96
78
77
0
93
86
53
81
98
90
57
74
101
98
56
39
124
32
102
92
101
91
105
78
68
107
62
87
52
96
93
58
99
71
61
108
92
64
57
70
70
64
77
93
98
80
82
38
66
41
110
52
89
73
71
68
53
117
96
78
98
68
38
77
63
59
77
41
88
67
114
60
88
51
80
74
113
62
73
69
81
129
91
93
72
61
94
48
54
54
85
70
88
99
45
43
47
68
33
64
113
113
69
79
76
92
84
90
50
125
103
88
88
66
88
79
106
62
84
70
81
67
64
111
70
89
86
60
69
113
65
58
60
87
76
76
53
51
68
53
75
62
63
50
62
93
91
62
51
83
57
82
78
77
74
52
77
63
94
64
76
61
82
86
58
84
56
58
45
87
69
69
80
62
97
78
86
58
37
76
64
92
91
78
84
83
110
77
54
113
101
58
68
73
93
102
71
39
64
81
48
48
59
82
102
86
63
81
74
103
65
38
93
54
43
109
55
69
66
83
91
51
37
18
84
71
87
96
84
70
64
60
89
46
44
69
60
77
150
110
59
90
83
93
96
95
22
57
79
57
13
86
103
58
58
69
98
102
70
76
72
77
69
117
28
65
46
60
44
54
118
76
83
68
88
79
59
108
51
38
70
12
66
86
110
106
94
103
56
108
111
71
100
102
82
67
89
67
66
60
57
64
52
92
109
101
90
66
31
70
29
53
64
61
59
58
80
80
83
95
108
81
59
84
52
66
100
62
58
62
60
60
87
59
84
86
49
51
53
82
45
75
51
61
70
77
82
65
62
61
70
73
120
48
90
82
50
51
80
80
48
49
60
77
82
73
95
84
51
82
67
95
74
64
53
68
96
76
101
84
61
89
20
50
44
44
79
39
46
55
55
100
91
61
61
58
81
46
72
62
59
71
39
84
82
88
70
63
35
52
56
63
101
71
84
71
72
70
72
66
82
72
51
58
146
106
85
32
67
75
72
48
53
67
103
86
71
60
65
99
73
68
70
48
80
44
100
72
60
61
76
54
58
63
34
44
31
20
24
73
78
78
64
72
97
68
121
118
116
97
94
42
86
92
98
92
132
108
56
63
66
29
52
71
35
57
15
39
27
82
74
110
116
102
42
92
88
51
51
76
62
50
39
62
74
60
65
63
61
78
98
49
78
37
32
27
46
91
78
73
78
85
35
98
103
104
118
106
129
100
110
58
109
65
55
87
94
65
60
101
88
53
48
110
91
53
58
68
56
61
48
75
63
106
105
102
104
64
50
40
94
58
59
40
54
67
54
9
89
63
93
66
136
46
89
48
41
56
59
77
67
34
35
24
59
57
55
37
60
38
60
30
58
35
49
55
36
41
89
86
59
44
55
62
68
116
43
49
48
71
57
66
45
46
52
58
68
50
50
113
54
42
51
92
70
63
86
82
139
113
86
55
42
23
86
42
54
49
22
46
56
39
46
64
88
73
77
59
89
74
106
76
54
96
85
87
61
109
66
72
105
75
114
62
69
91
116
52
65
55
97
67
107
56
110
92
89
54
41
123
121
51
58
82
62
89
81
81
82
84
103
68
81
132
79
90
97
81
49
63
66
67
79
111
101
90
71
51
56
67
64
47
43
62
99
75
113
41
65
81
76
48
80
61
45
87
31
37
12
88
26
103
64
103
27
56
65
72
38
73
43
105
68
106
98
105
106
60
88
94
60
87
75
123
58
82
53
99
53
39
60
23
77
48
53
39
38
18
75
72
92
93
61
79
61
98
93
36
32
28
55
82
33
52
88
68
62
67
66
63
48
69
26
65
80
59
110
78
107
91
126
97
87
107
83
55
114
121
87
73
73
86
52
65
65
75
41
73
84
70
104
93
91
95
55
79
76
89
76
83
46
80
84
58
81
58
84
82
55
88
108
112
75
103
98
98
125
108
98
91
90
78
84
66
76
91
83
91
97
96
56
60
56
66
62
85
77
78
88
89
76
71
91
41
124
100
27
36
113
91
52
79
61
81
71
73
109
89
58
101
47
53
51
56
58
65
36
67
70
51
59
60
106
67
60
75
76
78
78
51
68
61
69
65
88
73
74
86
77
45
45
85
84
108
68
68
45
41
46
60
60
69
49
89
78
48
102
86
103
61
72
102
88
62
103
89
95
64
70
62
107
64
65
92
79
75
99
83
71
65
73
61
62
45
77
91
85
84
54
63
67
103
99
70
57
81
102
25
80
79
60
61
57
84
84
82
76
84
76
62
71
63
67
84
74
49
78
76
56
51
51
96
43
44
73
46
92
63
83
99
77
58
68
41
82
64
43
39
86
76
50
74
94
107
30
33
38
36
45
83
59
53
31
81
71
54
57
28
77
30
28
64
89
46
54
39
54
56
58
74
92
41
66
62
52
66
59
65
67
38
11
52
44
54
60
56
51
68
66
39
75
63
64
52
32
45
110
48
41
101
124
104
109
86
83
118
76
79
65
75
36
76
59
100
112
56
84
41
75
24
111
44
95
21
31
80
42
77
51
23
110
33
14
52
15
25
24
59
29
29
35
66
48
60
106
90
85
56
44
66
72
65
90
77
58
31
79
103
20
84
79
19
54
49
68
77
39
32
51
50
39
62
64
19
47
72
0
62
61
67
51
20
53
64
80
83
82
72
61
57
68
100
62
85
81
58
54
89
49
81
81
66
55
40
36
69
34
33
49
84
39
98
96
74
60
84
70
78
71
114
108
104
34
41
67
89
73
105
48
74
79
79
83
87
113
74
98
84
72
58
73
83
24
75
68
96
103
88
75
100
88
60
68
65
58
50
53
55
54
85
55
40
43
80
45
62
56
97
91
40
47
45
56
113
62
62
57
99
102
54
52
75
87
53
76
57
48
94
50
65
95
95
123
101
114
118
111
51
35
109
58
48
35
79
98
68
64
89
66